200 878 101 100
0 10 7 5 1 9 23 20 18 3 46 2
1 10 2 31 15 37 3 0 30 8 11 9
2 12 19 15 37 29 10 30 27 34 62 18 77 25
3 12 9 7 16 11 39 37 5 44 23 17 48 77
4 16 3 2 6 12 15 32 24 11 33 56 1 7 5 19 64 39
5 11 7 1 17 15 14 19 20 28 41 11 54
6 12 7 12 11 9 2 16 10 24 0 14 21 39
7 15 9 2 12 10 3 21 33 0 26 53 72 16 47 5 38
8 14 10 7 3 2 24 9 14 16 11 21 13 15 32 27
9 16 11 1 2 10 13 15 22 28 7 21 47 61 3 6 57 70
10 8 3 20 39 2 33 7 23 90
11 10 2 0 6 3 16 19 23 57 72 25
12 10 18 0 32 17 1 9 27 25 77 10
13 13 15 32 24 1 6 33 8 14 9 11 3 56 31
14 12 3 7 15 9 8 11 13 19 0 21 1 70
15 8 0 2 11 9 8 33 18 38
16 14 2 17 19 12 3 20 1 39 26 15 22 6 52 0
17 14 3 33 11 7 37 6 13 44 64 0 27 19 1 57
18 10 2 8 24 7 30 41 33 3 1 16
19 11 11 7 23 14 3 30 9 38 1 62 24
20 17 9 3 10 0 17 2 5 15 6 72 1 47 35 62 44 29 18
21 8 3 24 2 15 44 18 1 34
22 10 0 2 24 1 31 3 14 63 57 18
23 9 1 2 10 16 12 48 30 39 94
24 7 8 0 12 7 35 38 2
25 14 9 5 6 2 27 24 44 13 32 1 47 48 7 33
26 9 0 28 30 49 3 11 77 47 73
27 8 15 20 3 21 8 31 71 83
28 9 7 10 23 2 48 20 14 1 11
29 9 11 12 10 33 32 24 7 26 51
30 8 1 11 2 10 5 14 18 17
31 9 1 23 0 27 14 19 16 75 30
32 6 12 10 0 11 75 6
33 11 7 32 1 16 43 31 13 9 10 5 28
34 6 3 10 26 39 12 2
35 9 12 11 15 32 77 26 10 52 2
36 10 30 23 6 1 3 11 2 12 0 58
37 5 6 2 16 10 73
38 11 23 2 3 39 0 57 7 48 19 31 15
39 8 12 2 0 3 32 27 1 23
40 6 2 11 51 33 20 6
41 6 18 16 7 31 32 54
42 8 5 10 2 9 33 6 16 19
43 7 9 15 32 3 74 23 17
44 6 11 14 7 22 6 30
45 5 44 0 10 73 3
46 7 9 11 10 7 19 88 5
47 4 1 18 44 7
48 6 18 9 0 23 62 1
49 5 3 37 1 61 63
50 5 9 0 2 32 42
51 6 18 55 54 33 7 27
52 5 5 7 9 2 14
53 5 16 3 10 2 101
54 9 5 4 10 77 37 8 3 35 18
55 3 37 7 78
56 6 43 31 95 2 10 3
57 8 37 15 1 42 19 30 3 12
58 3 22 23 35
59 6 5 1 0 3 2 70
60 3 41 73 0
61 5 9 30 12 20 48
62 7 3 32 72 5 12 74 10
63 5 25 3 10 34 0
64 3 16 11 12
65 6 18 3 2 68 41 23
66 3 1 0 23
67 4 27 3 50 69
68 2 7 19
69 6 3 37 26 64 73 41
70 5 64 34 30 5 31
71 6 65 7 60 43 6 70
72 4 34 37 3 23
73 4 11 0 15 83
74 6 30 2 11 57 48 41
75 3 0 10 7
76 3 30 15 19
77 4 11 37 6 35
78 4 57 44 11 1
79 4 18 19 5 23
80 5 30 23 14 28 33
81 3 10 39 57
82 3 17 30 0
83 5 5 30 25 14 101
84 4 6 24 70 15
85 3 62 23 24
86 2 11 21
87 3 9 14 24
88 5 0 73 35 28 5
89 2 3 62
90 2 3 32
91 2 29 7
92 3 30 45 46
93 2 18 70
94 3 2 51 34
95 2 16 58
96 3 7 46 10
97 2 37 62
98 2 11 23
99 2 3 94
101 0
100 98 102 103 104 105 106 107 108 109 110 111 112 113 114 115 116 117 118 119 120 121 122 123 124 125 126 127 128 129 130 131 132 133 134 135 136 137 138 139 140 141 142 143 144 145 146 147 148 149 150 151 152 153 154 155 156 157 158 159 160 161 162 163 164 165 166 167 168 169 170 171 172 173 174 175 176 177 178 179 180 181 182 183 184 185 186 187 188 189 190 191 192 193 194 195 196 197 198 199
102 1 101
103 1 101
104 1 101
105 1 101
106 1 101
107 1 101
108 1 101
109 1 101
110 1 101
111 1 101
112 1 101
113 1 101
114 1 101
115 1 101
116 1 101
117 1 101
118 1 101
119 1 101
120 1 101
121 1 101
122 1 101
123 1 101
124 1 101
125 1 101
126 1 101
127 1 101
128 1 101
129 1 101
130 1 101
131 1 101
132 1 101
133 1 101
134 1 101
135 1 101
136 1 101
137 1 101
138 1 101
139 1 101
140 1 101
141 1 101
142 1 101
143 1 101
144 1 101
145 1 101
146 1 101
147 1 101
148 1 101
149 1 101
150 1 101
151 1 101
152 1 101
153 1 101
154 1 101
155 1 101
156 1 101
157 1 101
158 1 101
159 1 101
160 1 101
161 1 101
162 1 101
163 1 101
164 1 101
165 1 101
166 1 101
167 1 101
168 1 101
169 1 101
170 1 101
171 1 101
172 1 101
173 1 101
174 1 101
175 1 101
176 1 101
177 1 101
178 1 101
179 1 101
180 1 101
181 1 101
182 1 101
183 1 101
184 1 101
185 1 101
186 1 101
187 1 101
188 1 101
189 1 101
190 1 101
191 1 101
192 1 101
193 1 101
194 1 101
195 1 101
196 1 101
197 1 101
198 1 101
199 1 101